Id, NetworkId, MNC, TAPCode
1, 107, 1, 'GRCCO'
2, 524, 5, 'GRCPF'
3, 531, 9, 'GRCQT'
4, 531, 10, 'GRCSH'
5, 218, 8, NULL
6, 218, 10, NULL
7, 412, 2, NULL
8, 456, 12, NULL
9, 396, 15, NULL
10, 396, 16, NULL
12, 396, 20, NULL
13, 514, 4, NULL
18, 36, 1, 'BELTB'
19, 219, 20, 'BELKO'
20, 1279, 5, NULL
21, 266, 10, 'BELMO'
23, 43, 20, 'FRAF3'
24, 43, 21, NULL
25, 1280, 25, NULL
26, 43, 88, NULL
27, 168, 15, 'FRAFM'
28, 295, 26, NULL
29, 316, 1, 'FRAF1'
30, 316, 2, NULL
31, 316, 0, NULL
32, 361, 10, 'FRAF2'
33, 361, 13, NULL
34, 272, 1, 'MCOM1'
35, 272, 10, 'MCOM2'
36, 358, 3, 'ANDMA'
37, 123, 22, NULL
38, 161, 8, NULL
39, 167, 3, NULL
40, 167, 9, NULL
41, 206, 21, NULL
42, 232, 25, NULL
43, 365, 19, NULL
44, 415, 16, NULL
45, 437, 5, NULL
46, 437, 7, NULL
47, 1057, 18, NULL
48, 1058, 23, NULL
49, 510, 1, NULL
50, 510, 6, NULL
51, 510, 24, NULL
52, 536, 4, NULL
53, 237, 30, 'HUNH2'
54, 334, 1, 'HUNH1'
55, 512, 70, 'HUNVR'
56, 39, 90, 'BIHPT'
57, 347, 3, 'BIHER'
58, 353, 5, 'BIHMS'
59, 111, 1, 'HRVCN'
60, 410, 2, 'HRVT2'
61, 500, 10, 'HRVVI'
64, 445, 3, NULL
65, 451, 1, NULL
66, 498, 5, NULL
67, 184, 99, 'ITAH3'
68, 424, 1, 'ITASI'
69, 518, 10, 'ITAOM'
70, 532, 88, 'ITAWI'
71, 108, 3, NULL
72, 322, 10, NULL
73, 522, 1, NULL
74, 314, 3, NULL
75, 1306, 54, NULL
76, 385, 2, NULL
77, 386, 1, NULL
78, 385, 8, NULL
79, 440, 2, 'CZEET'
80, 393, 1, 'CZERM'
81, 507, 3, 'CZECM'
82, 324, 1, NULL
83, 442, 6, NULL
84, 397, 2, NULL
85, 397, 4, NULL
86, 192, 10, 'AUTHU'
87, 263, 1, 'AUTPT'
88, 263, 11, 'AUTMK'
89, 263, 2, NULL
90, 192, 5, 'AUTCA'
91, 263, 12, 'AUTON'
92, 409, 7, 'AUTTR'
93, 392, 3, 'AUTMM'
95, 239, 58, NULL
96, 207, 3, NULL
97, 208, 50, NULL
98, 63, 7, NULL
99, 194, 20, NULL
100, 321, 33, NULL
101, 443, 2, NULL
102, 443, 10, NULL
103, 443, 11, NULL
105, 391, 30, NULL
106, 391, 31, NULL
107, 391, 32, NULL
108, 476, 25, NULL
109, 515, 15, NULL
110, 187, 6, 'DNKHU'
111, 403, 1, 'DNKTD'
112, 403, 10, NULL
113, 450, 2, 'DNKDM'
114, 450, 77, 'DNKT2'
115, 457, 20, 'DNKIA'
116, 457, 30, 'DNKMX'
118, 186, 2, NULL
120, 406, 7, NULL
122, 454, 6, NULL
123, 454, 8, NULL
126, 459, 1, NULL
128, 460, 5, NULL
130, 452, 1, NULL
131, 460, 2, NULL
132, 460, 23, NULL
133, 7, 14, 'FINAM'
134, 137, 3, 'FINTA'
135, 137, 12, 'FIN2G'
136, 143, 5, 'FINRL'
137, 143, 21, 'FINES'
138, 458, 91, 'FINTF'
139, 305, 1, 'LTUOM'
140, 484, 2, 'LTUMT'
141, 485, 3, 'LTU03'
142, 225, 1, 'LVALM'
143, 363, 5, 'LVABT'
144, 408, 2, 'LVABC'
145, 18, 1, 'ESTEM'
146, 144, 2, 'ESTRE'
147, 411, 3, 'ESTRB'
148, 1339, 12, NULL
149, 86, 20, NULL
150, 1342, 19, NULL
151, 230, 35, NULL
152, 246, 2, NULL
153, 260, 1, NULL
156, 1340, 16, NULL
157, 1334, 3, NULL
160, 302, 99, 'RUSBD'
161, 337, 7, NULL
162, 1331, 15, NULL
164, 1341, 17, NULL
165, 1343, 38, NULL
166, 1344, 39, NULL
167, 1335, 5, NULL
168, 20, 6, NULL
169, 221, 3, NULL
170, 221, 5, NULL
171, 301, 7, NULL
172, 487, 1, NULL
173, 221, 2, NULL
174, 35, 4, 'BLRBT'
175, 166, 1, 'BLRMD'
176, 209, 2, 'BLR02'
178, 271, 2, 'MDAMC'
179, 319, 1, 'MDAVX'
180, 118, 12, NULL
181, 332, 6, NULL
182, 338, 1, NULL
183, 338, 9, NULL
184, 339, 2, NULL
185, 346, 3, NULL
186, 346, 5, NULL
187, 441, 3, 'DEUE1'
188, 441, 17, NULL
189, 441, 20, NULL
190, 441, 7, 'DEUE2'
191, 441, 8, 'DEUO2'
192, 394, 1, 'DEUD1'
193, 508, 2, 'DEUD2'
194, 508, 4, NULL
195, 508, 9, NULL
196, 1307, 43, 'DEU43'
199, 233, 4, NULL
200, 375, 3, NULL
201, 471, 6, 'PRTTM'
202, 520, 1, NULL
203, 323, 99, 'LUXVM'
204, 331, 1, 'LUXPT'
205, 401, 77, 'LUXTG'
206, 193, 5, 'IRLH3'
207, 248, 3, 'IRLME'
208, 193, 2, 'IRLDF'
209, 193, 11, NULL
210, 193, 13, NULL
211, 513, 1, 'IRLEC'
212, 201, 4, 'ISLVW'
213, 294, 11, 'ISLNO'
214, 364, 1, 'ISLPS'
215, 364, 8, NULL
216, 364, 12, 'ISLTA'
217, 8, 1, 'ALBAM'
218, 139, 3, 'ALBEM'
219, 256, 4, 'ALBM4'
220, 506, 2, 'ALBVF'
221, 247, 77, 'MLTMM'
222, 265, 21, 'MLTGO'
223, 516, 1, 'MLTTL'
224, 119, 1, 'CYPCT'
225, 280, 10, 'CYPSC'
226, 341, 20, NULL
227, 171, 1, 'GEOGC'
228, 236, 2, 'GEOMA'
229, 269, 4, 'GEOMT'
230, 17, 1, 'ARM01'
231, 214, 4, 'ARMKT'
233, 211, 5, 'ARM05'
234, 309, 10, 'ARMOR'
235, 45, 3, 'BGRVA'
236, 106, 5, 'BGRCM'
237, 264, 1, 'BGR01'
238, 27, 3, NULL
239, 27, 4, NULL
240, 479, 1, NULL
241, 523, 2, NULL
242, 165, 1, 'FROFT'
243, 212, 2, 'FROKA'
244, 407, 1, 'GRLTG'
245, 355, 1, NULL
246, 355, 66, NULL
247, 204, 41, NULL
248, 362, 40, NULL
249, 390, 64, NULL
251, 480, 70, NULL
252, 1314, 2, 'MKDCC'
253, 395, 1, 'MKDMM'
254, 499, 3, 'MKDNO'
255, 262, 5, 'LIEMK'
256, 308, 2, 'LIEVE'
257, 387, 1, NULL
259, 110, 2, NULL
260, 275, 3, NULL
261, 449, 1, NULL
262, 38, 610, 'CANBM'
263, 38, 640, NULL
264, 38, 880, NULL
265, 352, 370, 'CANMC'
266, 1174, 720, 'CANRW'
267, 21, 660, NULL
268, 102, 40, 'USACO'
269, 170, 370, NULL
270, 348, 110, 'PRICL'
271, 335, 30, 'MEXMS'
272, 351, 20, 'MEXTL'
273, 57, 180, 'JAMCW'
274, 50, 600, 'BRBCW'
275, 125, 750, NULL
276, 15, 30, 'ATG03'
277, 534, 930, NULL
278, 46, 140, 'CYMCW'
279, 48, 170, NULL
280, 66, 570, NULL
281, 235, 0, 'BMUBD'
282, 235, 2, 'BMUNI'
283, 428, 1, NULL
284, 428, 10, NULL
285, 55, 110, 'GRDCW'
287, 130, 30, NULL
288, 130, 50, NULL
289, 60, 860, 'MSRCW'
290, 59, 110, NULL
291, 116, 69, NULL
292, 360, 91, NULL
293, 360, 951, NULL
294, 405, 51, NULL
295, 289, 2, NULL
296, 289, 20, NULL
297, 359, 1, 'ABWSE'
298, 466, 390, 'BHSBH'
299, 49, 840, 'AIACW'
300, 533, 930, NULL
301, 54, 110, 'DMACW'
302, 535, 20, NULL
304, 103, 2, 'DOMCL'
305, 315, 1, 'DOM01'
306, 474, 4, 'DOMAC'
307, 128, 130, NULL
308, 29, 1, 'AZEAC'
309, 30, 4, 'AZEAF'
310, 34, 2, 'AZEBC'
311, 181, 2, 'KAZKZ'
312, 213, 1, 'KAZKT'
313, 258, 77, 'KAZ77'
314, 31, 11, 'BTNBM'
315, 402, 77, 'BTNTC'
316, 95, 4, NULL
317, 261, 1, NULL
318, 333, 3, NULL
319, 453, 6, NULL
320, 526, 7, NULL
321, 3, 1, 'AFGAW'
322, 157, 50, 'AFGEA'
323, 277, 40, 'AFGAR'
324, 423, 20, 'AFGTD'
325, 40, 5, NULL
326, 122, 2, NULL
327, 159, 3, NULL
328, 197, 8, NULL
329, 268, 1, NULL
330, 250, 1, 'LBNFL'
331, 210, 1, 'JORFL'
332, 489, 3, 'JORUM'
333, 283, 2, NULL
334, 388, 1, NULL
336, 19, 5, 'IRQAC'
337, 22, 20, 'IRQAT'
338, 22, 30, 'IRQOR'
339, 217, 40, 'IRQKK'
340, 220, 4, 'KWTKT'
341, 259, 2, 'KWTMT'
342, 285, 3, 'KWTNM'
343, 156, 3, NULL
344, 274, 4, NULL
345, 189, 4, NULL
346, 189, 700, NULL
347, 378, 2, NULL
348, 537, 1, NULL
349, 304, 3, NULL
350, 303, 2, NULL
352, 147, 2, NULL
353, 33, 1, '426'
354, 383, 4, 'BHRST'
355, 349, 1, NULL
356, 521, 2, NULL
357, 255, 99, 'MNGMC'
358, 491, 88, 'MNGMN'
359, 286, 1, NULL
360, 380, 2, NULL
361, 205, 35, 'IRNMI'
362, 216, 14, 'IRNKI'
363, 244, 11, 'IRN11'
364, 105, 5, NULL
365, 490, 4, NULL
366, 91, 4, NULL
367, 202, 1, NULL
368, 202, 2, NULL
369, 202, 12, NULL
370, 398, 5, NULL
371, 477, 3, NULL
372, 9, 5, 'KGZMC'
373, 299, 9, 'KGZNT'
374, 369, 1, 'KGZ01'
375, 10, 2, NULL
376, 215, 50, NULL
377, 215, 54, 'JPNKD'
378, 296, 10, 'JPNDO'
379, 373, 20, 'JPNJP'
380, 368, 5, NULL
384, 182, 7, NULL
385, 185, 5, NULL
386, 495, 1, NULL
387, 496, 2, NULL
388, 88, 12, 'HKGPP'
389, 88, 13, NULL
390, 112, 0, 'HKGTC'
391, 112, 2, NULL
392, 112, 10, 'HKGNW'
393, 112, 18, NULL
394, 112, 16, 'HKGMC'
395, 112, 19, 'HKGM3'
396, 196, 3, 'HKGH3'
397, 196, 4, 'HKGHT'
398, 112, 7, NULL
400, 372, 6, 'HKGSM'
401, 372, 15, NULL
402, 372, 17, NULL
403, 114, 1, 'MACCT'
404, 114, 4, NULL
405, 198, 3, 'MACHT'
406, 198, 5, NULL
407, 371, 0, 'MACSM'
408, 64, 4, NULL
409, 65, 1, 'KHMGM'
410, 224, 2, 'KHMSM'
413, 65, 18, 'KHMSH'
414, 497, 9, 'KHMST'
415, 497, 8, NULL
416, 153, 2, 'LAOET'
417, 223, 1, NULL
418, 253, 8, 'LAOTL'
419, 381, 3, 'LAOAS'
420, 87, 0, 'CHNCT'
421, 87, 2, 'CHNCM'
422, 87, 7, 'CHNTD'
423, 89, 1, 'CHNCU'
424, 90, 92, NULL
425, 164, 1, NULL
426, 164, 88, NULL
427, 399, 93, NULL
428, 399, 97, NULL
429, 399, 99, NULL
430, 494, 89, NULL
431, 28, 2, 'BGDAK'
432, 180, 1, 'BGDGP'
433, 328, 3, 'BGDBL'
434, 28, 7, 'BGDWT'
435, 121, 1, 'MDV01'
436, 530, 2, 'MDVWM'
437, 67, 13, 'MYSMR'
438, 67, 19, 'MYSCC'
439, 124, 10, NULL
440, 124, 16, 'MYSMT'
441, 243, 12, 'MYSBC'
442, 243, 17, NULL
443, 482, 18, 'MYSMI'
444, 367, 2, 'AUSOP'
445, 464, 1, 'AUSTA'
446, 464, 19, NULL
447, 519, 3, 'AUSVF'
448, 519, 6, 'AUSHU'
449, 293, 10, NULL
450, 163, 11, 'IDNEX'
451, 195, 89, 'IDN89'
452, 343, 1, 'IDNSL'
453, 343, 21, 'IDNIM'
454, 163, 8, 'IDNLT'
455, 345, 10, 'IDNTS'
456, 470, 2, 'TLSTL'
457, 136, 5, NULL
458, 177, 2, NULL
459, 370, 3, NULL
460, 1, 1, NULL
461, 1, 3, NULL
462, 1, 23, NULL
463, 473, 18, NULL
464, 1149, 0, NULL
465, 1149, 4, NULL
466, 1149, 99, NULL
467, 234, 3, NULL
468, 366, 1, NULL
469, 366, 2, NULL
470, 366, 7, NULL
471, 382, 5, NULL
472, 382, 6, NULL
473, 32, 2, 'BRNBR'
475, 120, 11, 'BRNDS'
476, 425, 0, NULL
477, 425, 2, NULL
479, 481, 24, NULL
480, 517, 1, NULL
481, 41, 1, NULL
482, 132, 3, NULL
483, 127, 88, NULL
484, 42, 2, NULL
485, 374, 1, NULL
486, 129, 5, NULL
487, 126, 2, 'FJIDP'
489, 511, 1, 'FJIVF'
490, 307, 1, NULL
491, 468, 20, 'FRATK'
492, 422, 1, 'COKTC'
493, 140, 1, 'EGYAR'
494, 160, 3, 'EGYEM'
495, 509, 2, 'EGYMS'
496, 26, 1, 'DZAA1'
497, 327, 2, 'DZAOT'
498, 529, 3, 'DZAWT'
499, 200, 1, 'MARM1'
500, 245, 0, 'MARMT'
501, 525, 2, 'MARM3'
502, 525, 5, NULL
503, 325, 1, NULL
504, 329, 3, NULL
505, 478, 2, NULL
506, 6, 1, 'LBY01'
507, 228, 0, 'LBYLM'
508, 4, 2, 'GMBAC'
509, 98, 3, 'GMBCM'
510, 350, 4, 'GMBQC'
511, 357, 2, NULL
512, 376, 1, NULL
513, 384, 3, NULL
514, 241, 1, 'MRTMT'
515, 238, 1, 'MLI01'
516, 318, 2, 'MLI02'
517, 16, 4, 'GINAG'
518, 69, 5, 'GIN07'
519, 203, 3, 'GIN03'
520, 24, 2, 'CIV02'
522, 313, 3, 'CIV03'
523, 74, 2, 'BFACT'
524, 416, 3, 'BFATL'
525, 463, 1, 'BFAON'
526, 81, 2, NULL
527, 320, 4, NULL
528, 417, 3, NULL
529, 418, 3, NULL
530, 472, 1, NULL
531, 158, 2, 'BEN02'
533, 226, 1, 'BENLI'
534, 71, 1, 'MUSCP'
535, 150, 10, 'MUSEM'
537, 70, 3, NULL
538, 70, 7, 'LBR07'
539, 100, 4, 'LBRCM'
540, 231, 1, NULL
541, 72, 1, NULL
544, 229, 5, NULL
545, 173, 2, 'GHAGT'
546, 175, 7, NULL
547, 175, 620, NULL
548, 175, 997, NULL
549, 252, 3, 'GHAMT'
550, 356, 1, 'GHASC'
551, 539, 6, 'GHAZN'
552, 82, 20, NULL
553, 145, 60, NULL
554, 176, 50, NULL
555, 73, 1, 'TCDCT'
556, 254, 3, 'TCDML'
557, 23, 1, 'CAFAT'
558, 278, 1, 'CMRMT'
559, 312, 2, 'CMR02'
560, 117, 1, 'CPVCV'
561, 389, 2, 'CPVTM'
562, 172, 1, 'GNQ01'
563, 188, 3, 'GNQHT'
564, 227, 2, 'GABTL'
565, 77, 3, 'GABCT'
566, 227, 1, 'GAB01'
567, 76, 1, 'COGCT'
568, 279, 10, 'COGLB'
569, 75, 2, 'CODCT'
570, 502, 1, 'CODVC'
571, 492, 2, 'AGOUT'
572, 311, 3, 'GNB03'
573, 379, 2, 'GNBSB'
574, 47, 1, NULL
575, 421, 10, NULL
576, 267, 1, NULL
577, 267, 6, NULL
578, 282, 2, NULL
579, 467, 13, NULL
580, 155, 1, 'ETH01'
581, 78, 3, 'KENKC'
582, 78, 5, 'KENEC'
583, 354, 2, 'KENSA'
584, 461, 7, 'KENTK'
585, 83, 5, NULL
586, 251, 2, NULL
587, 505, 4, NULL
588, 541, 3, NULL
589, 84, 1, NULL
590, 284, 10, NULL
591, 326, 14, NULL
592, 486, 11, NULL
593, 84, 22, NULL
594, 142, 1, 'BDIET'
595, 222, 7, NULL
596, 142, 82, 'BDITL'
597, 270, 1, 'MOZ01'
598, 501, 4, 'MOZVC'
599, 85, 1, NULL
600, 276, 2, NULL
601, 540, 3, NULL
602, 80, 1, 'MDGCO'
603, 317, 2, 'MDGAN'
604, 462, 4, 'MDGTM'
605, 141, 4, NULL
606, 287, 1, NULL
607, 419, 3, NULL
608, 273, 1, 'NAM01'
609, 340, 3, 'NAM03'
610, 79, 10, 'MWICT'
611, 444, 1, 'MWICP'
612, 504, 1, 'LSOVL'
613, 44, 4, 'BWABC'
614, 240, 1, 'BWAGA'
615, 68, 7, NULL
616, 503, 1, NULL
617, 288, 4, NULL
620, 281, 2, NULL
621, 37, 67, 'BLZ67'
622, 97, 2, 'GTMCM'
623, 438, 3, 'GTMTG'
624, 113, 1, 'SLVTP'
625, 133, 2, 'SLVDC'
626, 436, 4, NULL
627, 446, 3, 'SLVTM'
628, 432, 2, 'HND02'
629, 430, 30, 'NICMS'
631, 199, 1, 'CRICR'
632, 199, 2, NULL
634, 433, 4, 'CRITC'
635, 58, 1, NULL
636, 94, 3, NULL
637, 131, 4, NULL
638, 439, 2, NULL
639, 291, 7, NULL
640, 291, 17, NULL
641, 12, 310, 'ARGCM'
642, 426, 340, NULL
644, 434, 1, NULL
645, 434, 7, NULL
646, 434, 70, 'ARGTM'
647, 469, 2, 'BRARN'
648, 469, 3, 'BRASP'
649, 469, 4, 'BRACS'
650, 93, 3, 'CHLSM'
651, 152, 1, 'CHLMV'
652, 152, 10, NULL
653, 96, 103, 'COLTI'
654, 96, 111, 'COLCO'
655, 104, 1, NULL
656, 104, 2, NULL
657, 104, 3, NULL
658, 404, 4, NULL
659, 151, 2, 'BOLME'
660, 298, 1, 'BOLNT'
661, 183, 2, 'GUYGT'
662, 483, 1, 'GUYUM'
663, 330, 2, NULL
664, 13, 2, NULL
665, 190, 1, NULL
666, 297, 5, NULL
667, 134, 3, NULL
668, 455, 2, NULL
669, 11, 10, NULL
670, 14, 1, NULL
671, 14, 2, NULL
672, 435, 7, NULL
673, 62, 1, 'FLKCW'
1024, 1024, 150, NULL
1025, 1024, 170, NULL
1026, 1024, 380, NULL
1027, 1024, 410, NULL
1028, 1024, 560, NULL
1029, 1024, 680, NULL
1030, 1025, 690, NULL
1031, 1026, 160, NULL
1032, 1026, 200, NULL
1033, 1026, 210, NULL
1034, 1026, 220, NULL
1036, 1026, 230, NULL
1037, 1026, 240, NULL
1038, 1026, 250, NULL
1039, 1026, 260, NULL
1040, 1026, 270, NULL
1041, 1026, 310, NULL
1042, 1026, 490, NULL
1043, 1026, 580, NULL
1044, 1026, 660, NULL
1045, 1026, 800, NULL
1055, 1027, 470, NULL
1056, 1028, 8, 'GLPDT'
1057, 1030, 2, NULL
1059, 1031, 2, 'ISRCL'
1060, 1031, 15, NULL
1061, 1032, 8, NULL
1062, 1033, 7, 'ISRMS'
1063, 1033, 77, NULL
1064, 1035, 1, 'ISR01'
1065, 1035, 14, NULL
1066, 1036, 3, 'ISRPL'
1067, 1036, 16, NULL
1068, 1034, 5, NULL
1074, 1038, 2, NULL
1075, 1039, 10, NULL
1078, 1203, 1, NULL
1079, 1205, 2, NULL
1080, 1205, 3, NULL
1081, 1207, 4, NULL
1082, 1203, 5, NULL
1083, 1207, 7, NULL
1084, 1209, 9, NULL
1085, 1205, 10, NULL
1086, 1203, 11, NULL
1087, 1207, 12, NULL
1088, 1203, 13, NULL
1089, 1207, 14, NULL
1090, 1203, 15, NULL
1091, 1205, 16, NULL
1092, 1041, 17, NULL
1093, 1209, 18, NULL
1094, 1207, 19, NULL
1095, 1203, 20, NULL
1097, 1207, 22, NULL
1098, 1207, 24, NULL
1099, 1041, 25, NULL
1100, 1203, 27, NULL
1101, 1041, 28, NULL
1102, 1041, 29, NULL
1103, 1203, 30, NULL
1104, 1205, 31, NULL
1106, 1211, 34, NULL
1108, 1209, 36, NULL
1109, 1041, 37, NULL
1110, 1211, 38, NULL
1111, 1205, 40, NULL
1112, 1041, 41, NULL
1113, 1041, 42, NULL
1114, 1203, 43, NULL
1115, 1207, 44, NULL
1116, 1205, 45, NULL
1117, 1203, 46, NULL
1118, 1205, 49, NULL
1119, 1209, 50, NULL
1120, 1211, 51, NULL
1121, 1209, 52, NULL
1122, 1211, 53, NULL
1123, 1211, 54, NULL
1124, 1211, 55, NULL
1125, 1207, 56, NULL
1126, 1211, 57, NULL
1127, 1211, 58, NULL
1128, 1211, 59, NULL
1129, 1203, 60, NULL
1130, 1211, 62, NULL
1131, 1211, 64, NULL
1132, 1211, 66, NULL
1133, 1209, 67, NULL
1136, 1205, 70, NULL
1137, 1211, 71, NULL
1138, 1211, 72, NULL
1139, 1211, 73, NULL
1140, 1211, 75, NULL
1141, 1211, 76, NULL
1142, 1211, 77, NULL
1143, 1207, 78, NULL
1144, 1211, 79, NULL
1145, 1211, 80, NULL
1146, 1211, 81, NULL
1147, 1207, 82, NULL
1148, 1209, 83, NULL
1149, 1203, 84, NULL
1150, 1209, 85, NULL
1151, 1203, 86, NULL
1152, 1207, 87, NULL
1153, 1203, 88, NULL
1154, 1207, 89, NULL
1155, 1205, 90, NULL
1156, 1041, 91, NULL
1157, 1205, 92, NULL
1158, 1205, 93, NULL
1159, 1205, 94, NULL
1160, 1205, 95, NULL
1161, 1205, 96, NULL
1162, 1205, 97, NULL
1163, 1205, 98, NULL
1169, 1210, 1, NULL
1170, 1212, 25, NULL
1171, 1212, 26, NULL
1172, 1212, 27, NULL
1173, 1212, 28, NULL
1174, 1212, 29, NULL
1175, 1210, 3, NULL
1176, 1212, 30, NULL
1177, 1212, 31, NULL
1178, 1212, 32, NULL
1179, 1212, 34, NULL
1180, 1212, 35, NULL
1181, 1212, 36, NULL
1182, 1212, 37, NULL
1183, 1212, 38, NULL
1184, 1212, 39, NULL
1185, 1210, 4, NULL
1186, 1212, 40, NULL
1187, 1212, 41, NULL
1188, 1212, 42, NULL
1189, 1212, 43, NULL
1190, 1212, 44, NULL
1191, 1212, 45, NULL
1192, 1212, 46, NULL
1193, 1212, 47, NULL
1194, 1210, 5, NULL
1195, 1210, 6, NULL
1196, 1210, 7, NULL
1197, 1210, 8, NULL
1198, 1210, 9, NULL
1199, 1210, 10, NULL
1200, 1210, 11, NULL
1201, 1210, 12, NULL
1202, 1210, 13, NULL
1203, 1210, 14, NULL
1204, 1210, 15, NULL
1205, 1210, 17, NULL
1206, 1210, 18, NULL
1207, 1210, 19, NULL
1208, 1210, 20, NULL
1209, 1210, 21, NULL
1210, 1210, 22, NULL
1211, 1210, 23, NULL
1212, 1206, 51, NULL
1213, 1206, 52, NULL
1214, 1206, 53, NULL
1215, 1206, 54, NULL
1216, 1206, 55, NULL
1217, 1206, 56, NULL
1218, 1204, 66, NULL
1219, 1204, 67, NULL
1220, 1208, 70, NULL
1221, 1204, 750, NULL
1222, 1204, 751, NULL
1223, 1204, 752, NULL
1224, 1204, 753, NULL
1225, 1204, 754, NULL
1226, 1204, 755, NULL
1227, 1204, 756, NULL
1228, 1208, 799, NULL
1229, 1042, 800, NULL
1230, 1042, 801, NULL
1231, 1042, 802, NULL
1232, 1042, 803, NULL
1233, 1042, 804, NULL
1234, 1042, 805, NULL
1235, 1042, 806, NULL
1236, 1042, 807, NULL
1237, 1042, 808, NULL
1238, 1042, 809, NULL
1239, 1042, 810, NULL
1240, 1042, 811, NULL
1241, 1042, 812, NULL
1243, 1208, 845, NULL
1244, 1208, 846, NULL
1245, 1208, 848, NULL
1246, 1208, 849, NULL
1247, 1208, 850, NULL
1248, 1208, 852, NULL
1249, 1208, 853, NULL
1270, 1043, 18, NULL
1271, 218, 69, NULL
1272, 1044, 17, NULL
1273, 194, 94, NULL
1274, 321, 34, NULL
1275, 367, 90, NULL
1276, 43, 28, NULL
1277, 361, 11, NULL
1278, 168, 14, NULL
1280, 263, 9, NULL
1282, 192, 16, NULL
1283, 1046, 15, NULL
1284, 361, 9, NULL
1285, 1047, 5, NULL
1286, 1048, 7, NULL
1287, 1049, 9, NULL
1288, 1050, 6, NULL
1289, 1051, 5, 'BRACL'
1290, 1052, 6, 'BRAV2'
1291, 1052, 10, 'BRAV1'
1292, 1052, 11, 'BRAV3'
1295, 1052, 23, 'BRATC'
1296, 1053, 31, 'BRATM'
1297, 1053, 16, 'BRABT'
1298, 63, 55, NULL
1299, 1054, 94, NULL
1300, 1055, 91, NULL
1301, 1056, 92, NULL
1302, 1059, 30, NULL
1303, 1060, 2, NULL
1304, 1061, 10, 'ZAFMN'
1305, 1062, 3, 'LBNLC'
1306, 336, 77, 'JORMC'
1307, 406, 14, NULL
1308, 1063, 19, NULL
1309, 1064, 32, NULL
1311, 108, 4, NULL
1312, 108, 6, NULL
1313, 164, 2, NULL
1314, 164, 3, NULL
1315, 164, 6, NULL
1316, 164, 7, NULL
1317, 90, 11, NULL
1318, 1065, 0, 'ECUOT'
1319, 1066, 1, 'ECUPG'
1320, 1067, 2, NULL
1321, 12, 320, NULL
1322, 12, 330, NULL
1323, 434, 10, NULL
1324, 169, 1, 'GMB01'
1325, 224, 6, 'KHML1'
1326, 1068, 1, NULL
1327, 1069, 1, NULL
1328, 425, 5, NULL
1329, 425, 6, NULL
1330, 1070, 1, NULL
1332, 1072, 17, NULL
1333, 1073, 1, 'DJIDJ'
1334, 1074, 26, NULL
1335, 361, 27, NULL
1336, 1076, 2, 'ISLTL'
1337, 1077, 1, NULL
1338, 1078, 1, 'HTICL'
1339, 1079, 2, NULL
1340, 1080, 3, NULL
1341, 1081, 28, NULL
1342, 1082, 4, NULL
1343, 361, 31, NULL
1344, 1149, 88, NULL
1345, 1149, 25, NULL
1346, 1084, 5, NULL
1347, 89, 6, NULL
1348, 1085, 4, NULL
1349, 1085, 50, 'MEXIU'
1350, 370, 18, NULL
1351, 1086, 2, 'MRTCH'
1352, 1087, 10, 'MRTMM'
1353, 507, 99, NULL
1354, 1088, 101, 'COLCM'
1355, 1089, 102, NULL
1356, 1089, 123, 'COLTM'
1360, 296, 18, NULL
1361, 373, 46, NULL
1362, 296, 62, NULL
1363, 1090, 3, 'CRICL'
1364, 1091, 0, NULL
1365, 1092, 2, 'CHLTM'
1366, 1093, 9, 'CHLN3'
1367, 1093, 4, NULL
1368, 1094, 6, NULL
1369, 368, 11, NULL
1370, 1095, 8, NULL
1371, 1095, 2, NULL
1372, 1095, 4, NULL
1373, 1096, 6, NULL
1374, 1097, 6, NULL
1375, 1098, 10, NULL
1376, 1084, 3, NULL
1377, 149, 21, 'NICEN'
1378, 149, 73, 'NICSC'
1379, 1100, 5, NULL
1382, 1103, 3, NULL
1383, 266, 6, NULL
1384, 146, 3, NULL
1385, 1104, 5, 'CIVTL'
1386, 424, 7, NULL
1387, 534, 50, NULL
1388, 51, 920, 'ATGCW'
1389, 51, 92, NULL
1390, 1105, 89, 'CODSA'
1391, 112, 29, NULL
1392, 1106, 1, NULL
1393, 1107, 0, NULL
1394, 1107, 76, NULL
1395, 1107, 77, NULL
1396, 296, 19, NULL
1397, 1108, 1, 'GTMSC'
1398, 296, 13, NULL
1399, 296, 29, NULL
1400, 1085, 1, 'MEXNC'
1401, 426, 34, 'ARGTP'
1402, 426, 341, NULL
1404, 1111, 3, NULL
1405, 1092, 7, NULL
1406, 431, 4, NULL
1407, 1112, 4, 'AGOMV'
1408, 1113, 1, 'GLP01'
1409, 1114, 3, NULL
1410, 1115, 20, NULL
1411, 1116, 1, 'HNDME'
1412, 1117, 30, NULL
1413, 1116, 40, 'HNDDC'
1414, 1119, 2, 'BHRMV'
1415, 1120, 120, NULL
1416, 1121, 300, NULL
1417, 1122, 320, NULL
1418, 1123, 340, NULL
1419, 1124, 640, NULL
1420, 1125, 610, NULL
1421, 1127, 3, NULL
1422, 186, 17, NULL
1423, 464, 71, NULL
1424, 464, 72, NULL
1425, 148, 1, 'CUB01'
1426, 1128, 1, 'GINGS'
1427, 1129, 2, NULL
1428, 1130, 8, NULL
1429, 439, 20, NULL
1430, 473, 5, NULL
1431, 1131, 2, 'BWAVC'
1432, 1132, 1, NULL
1433, 1133, 11, NULL
1434, 1134, 1, NULL
1435, 1135, 27, NULL
1436, 1136, 2, NULL
1437, 1137, 86, 'CODOR'
1438, 1138, 3, 'BENSP'
1439, 229, 3, NULL
1440, 1139, 3, NULL
1441, 1140, 3, NULL
1442, 1141, 25, NULL
1443, 174, 1, 'GIBGT'
1444, 1142, 9, NULL
1445, 1143, 3, 'MUSMT'
1447, 61, 350, NULL
1448, 1144, 14, NULL
1449, 1145, 10, NULL
1450, 1146, 3, NULL
1452, 1148, 1, NULL
1453, 110, 4, NULL
1454, 1150, 15, NULL
1455, 1149, 2, NULL
1456, 1151, 770, NULL
1457, 296, 1, NULL
1458, 296, 2, NULL
1459, 296, 3, NULL
1460, 296, 9, NULL
1461, 296, 11, NULL
1462, 296, 12, NULL
1463, 296, 14, NULL
1464, 296, 15, NULL
1465, 296, 16, NULL
1466, 296, 17, NULL
1467, 296, 21, NULL
1468, 296, 22, NULL
1469, 296, 23, NULL
1470, 296, 24, NULL
1471, 296, 25, NULL
1472, 296, 26, NULL
1473, 296, 27, NULL
1474, 296, 28, NULL
1475, 296, 30, NULL
1476, 296, 31, NULL
1477, 296, 32, NULL
1478, 296, 33, NULL
1479, 296, 34, NULL
1480, 296, 35, NULL
1481, 296, 36, NULL
1482, 296, 37, NULL
1483, 296, 38, NULL
1484, 296, 39, NULL
1485, 296, 49, NULL
1486, 296, 58, NULL
1487, 296, 60, NULL
1488, 296, 61, NULL
1489, 296, 63, NULL
1490, 296, 64, NULL
1491, 296, 65, NULL
1492, 296, 66, NULL
1493, 296, 67, NULL
1494, 296, 68, NULL
1495, 296, 69, NULL
1496, 296, 87, NULL
1497, 296, 99, NULL
1498, 1153, 0, 'JPNEM'
1499, 373, 4, NULL
1500, 373, 6, NULL
1501, 373, 40, NULL
1502, 373, 41, NULL
1503, 373, 42, NULL
1504, 373, 43, NULL
1505, 373, 44, NULL
1506, 373, 47, NULL
1507, 373, 45, NULL
1508, 373, 48, NULL
1509, 373, 90, NULL
1510, 373, 92, NULL
1511, 373, 93, NULL
1512, 373, 94, NULL
1513, 373, 95, NULL
1514, 373, 96, NULL
1515, 373, 97, NULL
1516, 373, 98, NULL
1517, 215, 7, NULL
1518, 215, 8, NULL
1519, 215, 51, NULL
1520, 215, 52, NULL
1521, 215, 53, NULL
1522, 215, 55, NULL
1523, 215, 56, NULL
1524, 215, 70, NULL
1525, 215, 71, NULL
1526, 215, 72, NULL
1527, 215, 73, NULL
1528, 215, 74, NULL
1529, 215, 75, NULL
1530, 215, 76, NULL
1531, 215, 77, NULL
1532, 215, 79, NULL
1533, 215, 88, NULL
1534, 215, 89, NULL
1535, 215, 78, NULL
1536, 1154, 1, 'COMHR'
1537, 1155, 0, 'BRANC'
1538, 1155, 39, NULL
1539, 1156, 15, NULL
1540, 1156, 32, NULL
1541, 1156, 33, NULL
1542, 1156, 34, NULL
1543, 196, 14, NULL
1544, 112, 9, NULL
1545, 452, 8, NULL
1546, 1157, 20, 'ARGNC'
1547, 1158, 7, NULL
1548, 1159, 1, NULL
1549, 1159, 2, NULL
1550, 1165, 220, 'CANTS'
1551, 1165, 221, NULL
1552, 1165, 222, NULL
1553, 1165, 361, NULL
1554, 1165, 653, NULL
1555, 1165, 657, NULL
1556, 1165, 860, NULL
1557, 1160, 270, 'CANEL'
1558, 1162, 620, 'CANIW'
1559, 1163, 500, 'CANVT'
1560, 1163, 510, NULL
1561, 1161, 940, 'CANWT'
1562, 38, 690, NULL
1563, 1165, 360, NULL
1564, 1165, 652, NULL
1565, 1166, 656, NULL
1566, 1166, 380, NULL
1567, 1167, 490, 'CANGW'
1568, 38, 630, NULL
1569, 1168, 655, NULL
1570, 1168, 660, NULL
1571, 1169, 680, NULL
1572, 1169, 750, NULL
1573, 1169, 780, 'CANST'
1574, 38, 651, NULL
1575, 1076, 3, NULL
1576, 1170, 3, NULL
1577, 1170, 5, NULL
1578, 457, 12, NULL
1579, 1391, 12, NULL
1580, 429, 12, NULL
1581, 1171, 4, NULL
1583, 1173, 5, NULL
1584, 1175, 1, NULL
1585, 127, 43, NULL
1586, 452, 7, NULL
1587, 1176, 7, NULL
1588, 6, 2, NULL
1589, 228, 3, NULL
1590, 61, 352, NULL
1591, 61, 360, 'TCAIC'
1592, 1178, 4, NULL
1595, 459, 19, NULL
1596, 1392, 35, NULL
1597, 1181, 2, NULL
1598, 1182, 7, NULL
1599, 1186, 30, NULL
1600, 1185, 25, NULL
1601, 1184, 10, NULL
1602, 1184, 60, NULL
1603, 1183, 4, NULL
1605, 1189, 82, NULL
1606, 345, 20, NULL
1607, 1191, 9, NULL
1608, 1191, 28, NULL
1609, 1192, 91, NULL
1610, 1193, 6, 'MNGGM'
1611, 1193, 98, NULL
1612, 1194, 2, NULL
1613, 1120, 53, NULL
1614, 1120, 20, NULL
1615, 1195, 12, NULL
1616, 1195, 590, NULL
1617, 1195, 890, NULL
1618, 1196, 960, NULL
1619, 122, 11, NULL
1620, 122, 17, NULL
1621, 1197, 4, NULL
1622, 1198, 10, NULL
1623, 1199, 7, NULL
1624, 1200, 6, NULL
1625, 1036, 18, NULL
1628, 1201, 6, NULL
1629, 1202, 8, NULL
1630, 1208, 851, NULL
1631, 1208, 847, NULL
1632, 1211, 74, NULL
1633, 1212, 33, NULL
1634, 1213, 818, NULL
1635, 1213, 819, NULL
1636, 1213, 820, NULL
1637, 1213, 821, NULL
1638, 1213, 822, NULL
1639, 1213, 844, NULL
1640, 1213, 875, NULL
1641, 1213, 880, NULL
1642, 1213, 927, NULL
1643, 1213, 929, NULL
1644, 1214, 824, NULL
1645, 1214, 827, NULL
1646, 1214, 834, NULL
1647, 1215, 68, NULL
1648, 1215, 69, NULL
1649, 1216, 2, NULL
1650, 1217, 3, NULL
1651, 1218, 6, NULL
1653, 1329, 50, NULL
1655, 1220, 90, NULL
1656, 1221, 3, NULL
1657, 33, 5, NULL
1658, 424, 43, NULL
1659, 1222, 8, NULL
1660, 1223, 5, NULL
1661, 1224, 1, 'FSMFM'
1663, 1226, 1, NULL
1664, 1227, 50, NULL
1665, 1230, 50, NULL
1667, 53, 110, NULL
1669, 224, 5, NULL
1670, 64, 3, NULL
1671, 1231, 2, 'CAF02'
1672, 63, 9, NULL
1673, 1232, 50, 'JAMDC'
1674, 1085, 90, 'MEXN3'
1675, 351, 2, NULL
1676, 335, 3, NULL
1677, 1085, 40, NULL
1678, 1085, 10, NULL
1681, 1234, 5, NULL
1682, 1136, 1, NULL
1683, 1235, 1, 'STPST'
1684, 1236, 5, NULL
1685, 1237, 5, NULL
1686, 1238, 20, NULL
1687, 1239, 22, NULL
1688, 1369, 34, NULL
1689, 108, 2, NULL
1690, 375, 7, NULL
1691, 1376, 33, ''
1692, 386, 51, NULL
1693, 406, 10, NULL
1694, 464, 11, NULL
1695, 343, 3, ''
1696, 1137, 4, ''
1697, 1240, 99, NULL
1698, 236, 3, NULL
1699, 1208, 908, NULL
1700, 1208, 909, NULL
1701, 1208, 910, NULL
1702, 1208, 911, NULL
1703, 314, 53, NULL
1704, 1241, 15, NULL
1705, 219, 40, NULL
1706, 1242, 4, NULL
1707, 1243, 2, NULL
1708, 1244, 45, NULL
1709, 361, 8, NULL
1711, 441, 33, NULL
1712, 1245, 15, NULL
1713, 1246, 4, NULL
1714, 1247, 3, NULL
1715, 437, 32, NULL
1717, 248, 7, ''
1718, 515, 16, NULL
1719, 1315, 11, NULL
1720, 1249, 890, NULL
1721, 1249, 887, NULL
1722, 1249, 888, NULL
1723, 1249, 889, NULL
1724, 1249, 891, NULL
1726, 1249, 892, NULL
1727, 1249, 893, NULL
1728, 1249, 894, NULL
1729, 1249, 895, NULL
1730, 1249, 896, NULL
1731, 1249, 897, NULL
1732, 1249, 898, NULL
1733, 1249, 899, NULL
1734, 1249, 900, NULL
1735, 1249, 901, NULL
1736, 1249, 902, NULL
1737, 1249, 903, NULL
1738, 1249, 904, NULL
1739, 1249, 905, NULL
1740, 1249, 906, NULL
1741, 1249, 907, NULL
1742, 403, 3, NULL
1743, 1250, 5, NULL
1744, 1250, 8, NULL
1746, 137, 10, ''
1747, 137, 11, ''
1748, 137, 30, ''
1749, 1024, 30, NULL
1750, 1024, 280, NULL
1751, 1068, 5, NULL
1752, 338, 10, NULL
1753, 1253, 15, NULL
1754, 1253, 16, NULL
1755, 1253, 17, NULL
1756, 1254, 6, NULL
1757, 1024, 16, NULL
1758, 1024, 90, NULL
1759, 112, 1, NULL
1760, 514, 18, NULL
1761, 192, 13, NULL
1762, 1256, 4, NULL
1763, 1256, 23, NULL
1764, 1257, 21, NULL
1765, 199, 20, NULL
1766, 1258, 120, 'PRIOM'
1767, 1258, 0, NULL
1768, 348, 11, NULL
1769, 1259, 1, 'PLWPC'
1770, 1260, 80, NULL
1771, 1261, 9, NULL
1772, 1261, 1, NULL
1773, 1262, 1, NULL
1774, 1036, 19, NULL
1775, 1328, 32, NULL
1776, 1205, 6, NULL
1777, 1041, 35, NULL
1778, 1041, 33, NULL
1779, 1263, 24, NULL
1780, 67, 150, ''
1781, 67, 156, ''
1782, 67, 155, ''
1783, 124, 154, NULL
1784, 1214, 828, NULL
1785, 1213, 876, NULL
1786, 1264, 24, NULL
1787, 1195, 500, NULL
1788, 1195, 54, NULL
1789, 1195, 420, NULL
1790, 1026, 770, NULL
1791, 1195, 760, NULL
1792, 1122, 440, NULL
1793, 1122, 390, NULL
1794, 1122, 570, NULL
1795, 1265, 999, NULL
1796, 1024, 80, NULL
1797, 1287, 140, NULL
1798, 52, 110, NULL
1799, 1266, 50, NULL
1800, 1267, 4, NULL
1801, 1185, 50, NULL
1802, 272, 2, 'MCOM3'
1803, 1268, 1, NULL
1804, 1269, 80, NULL
1805, 1269, 88, NULL
1806, 1092, 12, NULL
1807, 1092, 13, NULL
1808, 1092, 14, NULL
1809, 57, 110, NULL
1810, 57, 20, NULL
1811, 1375, 8, NULL
1812, 156, 6, NULL
1813, 1337, 9, NULL
1814, 1336, 6, NULL
1815, 1271, 4, NULL
1816, 1272, 1, NULL
1817, 1273, 3, NULL
1818, 469, 54, NULL
1819, 469, 18, NULL
1820, 441, 12, NULL
1822, 243, 151, NULL
1823, 457, 7, NULL
1824, 1213, 877, NULL
1825, 1213, 878, NULL
1826, 1213, 879, NULL
1827, 1214, 823, NULL
1828, 1214, 825, NULL
1829, 1214, 826, NULL
1830, 1214, 829, NULL
1831, 1214, 830, NULL
1832, 1214, 831, NULL
1833, 1214, 832, NULL
1834, 1214, 833, NULL
1836, 1214, 835, NULL
1837, 1214, 836, NULL
1838, 1214, 837, NULL
1839, 1214, 838, NULL
1840, 1214, 839, NULL
1841, 1214, 840, NULL
1842, 1214, 841, NULL
1843, 1214, 842, NULL
1844, 1214, 843, NULL
1845, 510, 15, NULL
1846, 437, 20, NULL
1847, 167, 27, NULL
1848, 1274, 50, NULL
1849, 1275, 4, NULL
1850, 1276, 7, NULL
1851, 1213, 813, NULL
1852, 1213, 814, NULL
1853, 1213, 815, NULL
1854, 1213, 816, NULL
1855, 1213, 817, NULL
1856, 1213, 925, NULL
1857, 1213, 926, NULL
1859, 1213, 928, NULL
1861, 1277, 24, NULL
1862, 532, 4, NULL
1863, 1278, 1, 'MHLMI'
1865, 512, 71, NULL
1867, 524, 14, NULL
1868, 1281, 8, NULL
1869, 1282, 67, NULL
1870, 1283, 88, NULL
1871, 1284, 1, 'SPM01'
1872, 494, 90, NULL
1873, 332, 33, NULL
1874, 1174, 320, NULL
1877, 1214, 932, NULL
1878, 1027, 370, NULL
1879, 1288, 32, NULL
1880, 1289, 580, NULL
1881, 1289, 220, NULL
1882, 1290, 230, NULL
1883, 1290, 630, NULL
1884, 1195, 4, NULL
1945, 1195, 5, NULL
1946, 1195, 6, NULL
1947, 1195, 10, NULL
1948, 1195, 13, NULL
1949, 1265, 14, NULL
1950, 1265, 15, NULL
1951, 1265, 17, NULL
1952, 1265, 33, NULL
1953, 1265, 34, NULL
1954, 1265, 35, NULL
1955, 1265, 40, NULL
1956, 1265, 50, NULL
1957, 1265, 60, NULL
1958, 1265, 66, NULL
1959, 1265, 70, NULL
1960, 1265, 100, NULL
1961, 1265, 110, NULL
1962, 1265, 130, NULL
1963, 1265, 180, NULL
1964, 1265, 190, NULL
1965, 1265, 290, NULL
1966, 1265, 311, NULL
1967, 1265, 330, NULL
1968, 1195, 350, NULL
1969, 1265, 360, NULL
1970, 1265, 400, NULL
1971, 1265, 430, NULL
1972, 1265, 450, NULL
1973, 1265, 460, NULL
1974, 1265, 480, NULL
1975, 1265, 510, NULL
1976, 1265, 520, NULL
1977, 1265, 530, NULL
1978, 1265, 540, NULL
1979, 1265, 600, NULL
1980, 1265, 620, NULL
1981, 1265, 630, NULL
1982, 1265, 650, NULL
1983, 1265, 670, NULL
1984, 1265, 730, NULL
1985, 1265, 740, NULL
1986, 1265, 750, NULL
1987, 1265, 780, NULL
1988, 1265, 790, NULL
1989, 1265, 830, NULL
1990, 1265, 840, NULL
1991, 1265, 850, NULL
1992, 1265, 860, NULL
1993, 1265, 870, NULL
1994, 1265, 880, NULL
1995, 1265, 900, NULL
1996, 1265, 910, NULL
1997, 1265, 930, NULL
1998, 1265, 940, NULL
1999, 1265, 950, NULL
2000, 1265, 960, NULL
2001, 1265, 970, NULL
2002, 1265, 980, NULL
2003, 1265, 990, NULL
2004, 1291, 999, NULL
2005, 1291, 0, NULL
2006, 1291, 10, NULL
2007, 1291, 12, NULL
2008, 1291, 20, NULL
2009, 1291, 30, NULL
2010, 1291, 50, NULL
2011, 1291, 60, NULL
2012, 1291, 70, NULL
2013, 1291, 80, NULL
2014, 1291, 90, NULL
2015, 1291, 100, NULL
2016, 1291, 110, NULL
2017, 1291, 120, NULL
2018, 1291, 130, NULL
2019, 1291, 140, NULL
2020, 1291, 150, NULL
2021, 1291, 160, NULL
2022, 1291, 170, NULL
2023, 1291, 180, NULL
2024, 1291, 190, NULL
2025, 1291, 210, NULL
2026, 1291, 330, NULL
2027, 1291, 360, NULL
2028, 1291, 410, NULL
2029, 1291, 420, NULL
2030, 1291, 450, NULL
2031, 1291, 480, NULL
2032, 1291, 481, NULL
2033, 1291, 490, NULL
2034, 1291, 500, NULL
2035, 1291, 530, NULL
2036, 1291, 570, NULL
2037, 1291, 640, NULL
2038, 1291, 650, NULL
2039, 1291, 750, NULL
2040, 1291, 810, NULL
2041, 1291, 830, NULL
2042, 1291, 870, NULL
2043, 1291, 910, NULL
2044, 1291, 930, NULL
2045, 1291, 950, NULL
2046, 1291, 970, NULL
2047, 1291, 990, NULL
2048, 1292, 999, NULL
2049, 1293, 999, NULL
2078, 1292, 20, NULL
2079, 1292, 30, NULL
2080, 1292, 40, NULL
2081, 1292, 50, NULL
2082, 1292, 70, NULL
2083, 1292, 80, NULL
2084, 1292, 120, NULL
2085, 1292, 130, NULL
2086, 1292, 180, NULL
2087, 1292, 220, NULL
2088, 1292, 270, NULL
2089, 1292, 280, NULL
2090, 1292, 330, NULL
2091, 1292, 340, NULL
2092, 1292, 350, NULL
2093, 1292, 370, NULL
2094, 1292, 380, NULL
2095, 1292, 400, NULL
2096, 1292, 420, NULL
2097, 1292, 460, NULL
2098, 1292, 470, NULL
2099, 1292, 530, NULL
2100, 1292, 590, NULL
2101, 1292, 610, NULL
2102, 1292, 660, NULL
2103, 1292, 780, NULL
2104, 1292, 860, NULL
2105, 1292, 900, NULL
2106, 1293, 10, NULL
2107, 1293, 11, NULL
2108, 1291, 730, NULL
2109, 1291, 310, NULL
2110, 1291, 440, NULL
2111, 1291, 340, NULL
2112, 1265, 710, NULL
2162, 1291, 800, NULL
2163, 1291, 590, NULL
2164, 1291, 270, NULL
2165, 1291, 286, NULL
2166, 1291, 275, NULL
2167, 1291, 280, NULL
2168, 1291, 485, NULL
2169, 1291, 285, NULL
2170, 1291, 274, NULL
2171, 1291, 390, NULL
2172, 1291, 279, NULL
2173, 1291, 484, NULL
2174, 1291, 284, NULL
2175, 1291, 489, NULL
2176, 1291, 273, NULL
2177, 1291, 289, NULL
2178, 1291, 278, NULL
2179, 1291, 483, NULL
2180, 1291, 283, NULL
2181, 1291, 488, NULL
2182, 1291, 272, NULL
2183, 1291, 288, NULL
2184, 1291, 277, NULL
2185, 1291, 482, NULL
2186, 1291, 282, NULL
2187, 1291, 487, NULL
2188, 1291, 271, NULL
2189, 1291, 560, NULL
2190, 1291, 287, NULL
2191, 1291, 276, NULL
2192, 1291, 281, NULL
2193, 1291, 486, NULL
2194, 1291, 240, NULL
2195, 1291, 520, NULL
2196, 1291, 311, NULL
2197, 1291, 460, NULL
2198, 1291, 920, NULL
2199, 1291, 380, NULL
2200, 1291, 300, NULL
2201, 1291, 610, NULL
2202, 1291, 710, NULL
2203, 1291, 670, NULL
2204, 1291, 540, NULL
2205, 1291, 430, NULL
2206, 1291, 350, NULL
2207, 1291, 260, NULL
2208, 1291, 880, NULL
2209, 1291, 740, NULL
2210, 1291, 860, NULL
2211, 1265, 700, NULL
2212, 1265, 11, NULL
2213, 1265, 46, NULL
2214, 1265, 31, NULL
2215, 1265, 38, NULL
2216, 1265, 3, NULL
2217, 1265, 23, NULL
2218, 1265, 24, NULL
2219, 1265, 25, NULL
2220, 1265, 26, NULL
2221, 1265, 920, NULL
2222, 1292, 290, NULL
2223, 1292, 230, NULL
2224, 1292, 170, NULL
2225, 1292, 10, NULL
2226, 1292, 160, NULL
2227, 1292, 190, NULL
2228, 1292, 90, NULL
2229, 1291, 470, NULL
2230, 1292, 650, NULL
2231, 1294, 340, NULL
2232, 1295, 590, NULL
2233, 1296, 740, NULL
2234, 1297, 480, NULL
2235, 1298, 3, 'SVKSW'
2236, 1299, 18, 'UGASU'
2237, 508, 42, 'DEU42'
2238, 454, 9, NULL
2239, 1300, 26, NULL
2240, 391, 8, NULL
2241, 424, 36, NULL
2242, 316, 22, NULL
2243, 392, 19, NULL
2244, 1031, 23, 'ISR23'
2245, 339, 36, NULL
2246, 316, 17, NULL
2247, 219, 7, NULL
2248, 193, 15, NULL
2249, 1301, 130, NULL
2250, 1036, 12, NULL
2251, 1332, 27, NULL
2252, 1333, 54, NULL
2253, 1302, 40, NULL
2254, 1330, 47, 'RUSSS'
2255, 1084, 11, NULL
2256, 87, 8, NULL
2257, 89, 9, NULL
2258, 112, 11, NULL
2259, 264, 13, NULL
2260, 96, 187, NULL
2261, 1303, 152, NULL
2262, 1304, 8, 'UZB00'
2263, 1305, 1, NULL
2264, 482, 157, NULL
2265, 1308, 9, NULL
2266, 167, 11, NULL
2267, 425, 3, NULL
2268, 1309, 8, NULL
2269, 1061, 12, 'ZAFMM'
2270, 1310, 2, 'STPUT'
2271, 1311, 49, 'BHSNC'
2272, 466, 39, 'BHSBH'
2273, 1312, 153, NULL
2274, 1313, 14, 'NORIC'
2275, 196, 23, NULL
2277, 1089, 154, NULL
2278, 471, 2, NULL
2279, 471, 80, NULL
2280, 194, 39, NULL
2281, 426, 36, 'ARGVO'
2282, 29, 6, ''
2283, 1316, 8, NULL
2284, 205, 2, 'IRNMI'
2285, 1317, 2, ''
2286, 1318, 66, 'IRQFL'
2287, 1210, 854, NULL
2288, 1210, 855, NULL
2289, 1210, 856, NULL
2290, 1210, 857, NULL
2291, 1210, 858, NULL
2292, 1210, 859, NULL
2293, 1210, 860, NULL
2294, 1210, 861, NULL
2295, 1210, 862, NULL
2296, 1210, 863, NULL
2297, 1210, 864, NULL
2298, 1210, 865, NULL
2299, 1210, 866, NULL
2300, 1210, 867, NULL
2301, 1210, 868, NULL
2302, 1210, 869, NULL
2303, 1210, 870, NULL
2304, 1210, 871, NULL
2305, 1210, 872, NULL
2306, 1210, 873, NULL
2307, 1210, 874, NULL
2308, 1319, 2, NULL
2309, 1238, 1, NULL
2310, 1038, 3, NULL
2311, 1320, 10, NULL
2312, 1134, 0, NULL
2313, 1321, 4, NULL
2314, 1322, 11, NULL
2315, 1338, 10, NULL
2316, 499, 4, NULL
2318, 192, 18, NULL
2319, 1323, 71, NULL
2320, 1324, 2, NULL
2321, 1325, 57, NULL
2322, 1326, 16, NULL
2323, 1327, 50, NULL
2324, 1345, 13, NULL
2325, 1346, 28, NULL
2326, 1347, 33, NULL
2327, 1348, 41, NULL
2328, 1349, 42, NULL
2329, 1350, 44, NULL
2330, 1351, 60, NULL
2331, 1352, 779, NULL
2332, 1353, 38, NULL
2333, 452, 3, NULL
2334, 1192, 1, NULL
2335, 1354, 24, NULL
2336, 1355, 21, NULL
2337, 152, 19, NULL
2338, 430, 300, NULL
2339, 1356, 1, NULL
2340, 1357, 2, NULL
2341, 1358, 6, NULL
2342, 96, 208, NULL
2343, 1089, 1, NULL
2344, 1304, 3, NULL
2345, 1359, 62, NULL
2346, 1360, 99, NULL
2347, 1240, 69, NULL
2348, 1361, 11, NULL
2349, 1362, 34, NULL
2350, 1363, 12, NULL
2351, 1364, 30, NULL
2352, 1365, 9, NULL
2353, 1366, 2, NULL
2354, 1367, 7, NULL
2355, 1368, 49, NULL
2356, 88, 24, NULL
2357, 1370, 17, NULL
2358, 1371, 20, NULL
2359, 1372, 81, NULL
2360, 1373, 9, NULL
2361, 1374, 2, NULL
2363, 1377, 53, NULL
2364, 1378, 22, NULL
2365, 1378, 8, NULL
2366, 382, 8, NULL
2367, 1379, 3, NULL
2368, 1380, 45, NULL
2369, 186, 4, NULL
2370, 1381, 88, NULL
2371, 1092, 72, NULL
2373, 96, 20, NULL
2374, 161, 36, NULL
2375, 1383, 49, NULL
2376, 338, 44, NULL
2377, 167, 35, NULL
2378, 1384, 5, NULL
2379, 363, 9, NULL
2380, 386, 58, NULL
2381, 1385, 27, NULL
2382, 1292, 430, NULL
2383, 498, 11, NULL
2384, 469, 17, NULL
2385, 498, 9, NULL
2386, 1386, 20, NULL
2387, 316, 30, NULL
2388, 15, 3, NULL
2389, 1387, 8, NULL
2390, 1388, 10, NULL
2391, 1389, 7, NULL
2392, 518, 54, NULL
2393, 1092, 6, NULL
2394, 1354, 3, NULL
2395, 1390, 8, NULL
2396, 193, 16, NULL
2397, 1085, 5, NULL
2398, 1085, 70, NULL
2399, 1085, 80, NULL